0.000000 1.000000 
0.001000 0.999975 
0.002000 0.999900 
0.003000 0.999775 
0.004000 0.999600 
0.005000 0.999375 
0.006000 0.999101 
0.007000 0.998776 
0.008000 0.998403 
0.009000 0.997979 
0.010000 0.997506 
0.011000 0.996984 
0.012000 0.996413 
0.013000 0.995793 
0.014000 0.995124 
0.015000 0.994406 
0.016000 0.993641 
0.017000 0.992827 
0.018000 0.991965 
0.019000 0.991056 
0.020000 0.990099 
0.021000 0.989095 
0.022000 0.988045 
0.023000 0.986948 
0.024000 0.985804 
0.025000 0.984615 
0.026000 0.983381 
0.027000 0.982101 
0.028000 0.980777 
0.029000 0.979408 
0.030000 0.977995 
0.031000 0.976539 
0.032000 0.975039 
0.033000 0.973497 
0.034000 0.971912 
0.035000 0.970285 
0.036000 0.968617 
0.037000 0.966908 
0.038000 0.965158 
0.039000 0.963368 
0.040000 0.961538 
0.041000 0.959670 
0.042000 0.957763 
0.043000 0.955817 
0.044000 0.953834 
0.045000 0.951814 
0.046000 0.949758 
0.047000 0.947665 
0.048000 0.945537 
0.049000 0.943374 
0.050000 0.941176 
0.051000 0.938945 
0.052000 0.936680 
0.053000 0.934383 
0.054000 0.932053 
0.055000 0.929692 
0.056000 0.927300 
0.057000 0.924877 
0.058000 0.922424 
0.059000 0.919942 
0.060000 0.917431 
0.061000 0.914892 
0.062000 0.912326 
0.063000 0.909732 
0.064000 0.907112 
0.065000 0.904466 
0.066000 0.901795 
0.067000 0.899099 
0.068000 0.896379 
0.069000 0.893635 
0.070000 0.890869 
0.071000 0.888080 
0.072000 0.885269 
0.073000 0.882437 
0.074000 0.879585 
0.075000 0.876712 
0.076000 0.873820 
0.077000 0.870909 
0.078000 0.867980 
0.079000 0.865033 
0.080000 0.862069 
0.081000 0.859088 
0.082000 0.856091 
0.083000 0.853079 
0.084000 0.850051 
0.085000 0.847009 
0.086000 0.843953 
0.087000 0.840884 
0.088000 0.837802 
0.089000 0.834707 
0.090000 0.831601 
0.091000 0.828483 
0.092000 0.825355 
0.093000 0.822216 
0.094000 0.819068 
0.095000 0.815910 
0.096000 0.812744 
0.097000 0.809569 
0.098000 0.806387 
0.099000 0.803197 
0.100000 0.800000 
0.101000 0.796797 
0.102000 0.793588 
0.103000 0.790373 
0.104000 0.787154 
0.105000 0.783929 
0.106000 0.780701 
0.107000 0.777469 
0.108000 0.774234 
0.109000 0.770995 
0.110000 0.767754 
0.111000 0.764511 
0.112000 0.761267 
0.113000 0.758021 
0.114000 0.754774 
0.115000 0.751527 
0.116000 0.748279 
0.117000 0.745032 
0.118000 0.741785 
0.119000 0.738539 
0.120000 0.735294 
0.121000 0.732051 
0.122000 0.728810 
0.123000 0.725571 
0.124000 0.722335 
0.125000 0.719101 
0.126000 0.715871 
0.127000 0.712644 
0.128000 0.709421 
0.129000 0.706202 
0.130000 0.702988 
0.131000 0.699778 
0.132000 0.696573 
0.133000 0.693373 
0.134000 0.690179 
0.135000 0.686990 
0.136000 0.683807 
0.137000 0.680631 
0.138000 0.677461 
0.139000 0.674297 
0.140000 0.671141 
0.141000 0.667992 
0.142000 0.664849 
0.143000 0.661715 
0.144000 0.658588 
0.145000 0.655469 
0.146000 0.652358 
0.147000 0.649256 
0.148000 0.646162 
0.149000 0.643076 
0.150000 0.640000 
0.151000 0.636933 
0.152000 0.633874 
0.153000 0.630825 
0.154000 0.627786 
0.155000 0.624756 
0.156000 0.621736 
0.157000 0.618726 
0.158000 0.615726 
0.159000 0.612736 
0.160000 0.609756 
0.161000 0.606787 
0.162000 0.603828 
0.163000 0.600880 
0.164000 0.597943 
0.165000 0.595017 
0.166000 0.592101 
0.167000 0.589197 
0.168000 0.586304 
0.169000 0.583422 
0.170000 0.580552 
0.171000 0.577692 
0.172000 0.574845 
0.173000 0.572009 
0.174000 0.569184 
0.175000 0.566372 
0.176000 0.563571 
0.177000 0.560782 
0.178000 0.558005 
0.179000 0.555239 
0.180000 0.552486 
0.181000 0.549745 
0.182000 0.547016 
0.183000 0.544299 
0.184000 0.541594 
0.185000 0.538902 
0.186000 0.536222 
0.187000 0.533554 
0.188000 0.530898 
0.189000 0.528255 
0.190000 0.525624 
0.191000 0.523006 
0.192000 0.520400 
0.193000 0.517806 
0.194000 0.515225 
0.195000 0.512656 
0.196000 0.510100 
0.197000 0.507556 
0.198000 0.505025 
0.199000 0.502506 
0.200000 0.500000 
0.201000 0.497506 
0.202000 0.495025 
0.203000 0.492556 
0.204000 0.490100 
0.205000 0.487656 
0.206000 0.485225 
0.207000 0.482806 
0.208000 0.480400 
0.209000 0.478006 
0.210000 0.475624 
0.211000 0.473255 
0.212000 0.470898 
0.213000 0.468554 
0.214000 0.466222 
0.215000 0.463903 
0.216000 0.461595 
0.217000 0.459300 
0.218000 0.457018 
0.219000 0.454747 
0.220000 0.452489 
0.221000 0.450243 
0.222000 0.448009 
0.223000 0.445787 
0.224000 0.443577 
0.225000 0.441379 
0.226000 0.439194 
0.227000 0.437020 
0.228000 0.434858 
0.229000 0.432708 
0.230000 0.430571 
0.231000 0.428444 
0.232000 0.426330 
0.233000 0.424228 
0.234000 0.422137 
0.235000 0.420058 
0.236000 0.417990 
0.237000 0.415934 
0.238000 0.413890 
0.239000 0.411857 
0.240000 0.409836 
0.241000 0.407826 
0.242000 0.405828 
0.243000 0.403841 
0.244000 0.401865 
0.245000 0.399900 
0.246000 0.397947 
0.247000 0.396004 
0.248000 0.394073 
0.249000 0.392153 
0.250000 0.390244 
0.251000 0.388346 
0.252000 0.386458 
0.253000 0.384582 
0.254000 0.382717 
0.255000 0.380862 
0.256000 0.379018 
0.257000 0.377184 
0.258000 0.375361 
0.259000 0.373549 
0.260000 0.371747 
0.261000 0.369956 
0.262000 0.368175 
0.263000 0.366404 
0.264000 0.364644 
0.265000 0.362894 
0.266000 0.361154 
0.267000 0.359425 
0.268000 0.357705 
0.269000 0.355995 
0.270000 0.354296 
0.271000 0.352606 
0.272000 0.350926 
0.273000 0.349257 
0.274000 0.347596 
0.275000 0.345946 
0.276000 0.344305 
0.277000 0.342674 
0.278000 0.341052 
0.279000 0.339440 
0.280000 0.337838 
0.281000 0.336245 
0.282000 0.334661 
0.283000 0.333086 
0.284000 0.331521 
0.285000 0.329965 
0.286000 0.328418 
0.287000 0.326880 
0.288000 0.325351 
0.289000 0.323832 
0.290000 0.322321 
0.291000 0.320819 
0.292000 0.319326 
0.293000 0.317841 
0.294000 0.316366 
0.295000 0.314899 
0.296000 0.313440 
0.297000 0.311991 
0.298000 0.310549 
0.299000 0.309117 
0.300000 0.307692 
0.301000 0.306276 
0.302000 0.304869 
0.303000 0.303469 
0.304000 0.302078 
0.305000 0.300695 
0.306000 0.299321 
0.307000 0.297954 
0.308000 0.296595 
0.309000 0.295244 
0.310000 0.293902 
0.311000 0.292567 
0.312000 0.291240 
0.313000 0.289920 
0.314000 0.288609 
0.315000 0.287305 
0.316000 0.286008 
0.317000 0.284720 
0.318000 0.283439 
0.319000 0.282165 
0.320000 0.280899 
0.321000 0.279640 
0.322000 0.278389 
0.323000 0.277145 
0.324000 0.275908 
0.325000 0.274678 
0.326000 0.273456 
0.327000 0.272240 
0.328000 0.271032 
0.329000 0.269831 
0.330000 0.268637 
0.331000 0.267449 
0.332000 0.266269 
0.333000 0.265096 
0.334000 0.263929 
0.335000 0.262769 
0.336000 0.261616 
0.337000 0.260469 
0.338000 0.259329 
0.339000 0.258196 
0.340000 0.257069 
0.341000 0.255949 
0.342000 0.254836 
0.343000 0.253728 
0.344000 0.252627 
0.345000 0.251533 
0.346000 0.250445 
0.347000 0.249363 
0.348000 0.248287 
0.349000 0.247217 
0.350000 0.246154 
0.351000 0.245097 
0.352000 0.244045 
0.353000 0.243000 
0.354000 0.241961 
0.355000 0.240928 
0.356000 0.239900 
0.357000 0.238879 
0.358000 0.237863 
0.359000 0.236853 
0.360000 0.235849 
0.361000 0.234851 
0.362000 0.233858 
0.363000 0.232871 
0.364000 0.231889 
0.365000 0.230914 
0.366000 0.229943 
0.367000 0.228978 
0.368000 0.228019 
0.369000 0.227065 
0.370000 0.226116 
0.371000 0.225173 
0.372000 0.224235 
0.373000 0.223303 
0.374000 0.222375 
0.375000 0.221453 
0.376000 0.220536 
0.377000 0.219625 
0.378000 0.218718 
0.379000 0.217816 
0.380000 0.216920 
0.381000 0.216028 
0.382000 0.215142 
0.383000 0.214260 
0.384000 0.213383 
0.385000 0.212512 
0.386000 0.211645 
0.387000 0.210783 
0.388000 0.209925 
0.389000 0.209073 
0.390000 0.208225 
0.391000 0.207382 
0.392000 0.206543 
0.393000 0.205709 
0.394000 0.204880 
0.395000 0.204056 
0.396000 0.203236 
0.397000 0.202420 
0.398000 0.201609 
0.399000 0.200802 
0.400000 0.200000 
0.401000 0.199202 
0.402000 0.198409 
0.403000 0.197620 
0.404000 0.196835 
0.405000 0.196054 
0.406000 0.195278 
0.407000 0.194506 
0.408000 0.193738 
0.409000 0.192975 
0.410000 0.192215 
0.411000 0.191460 
0.412000 0.190709 
0.413000 0.189961 
0.414000 0.189218 
0.415000 0.188479 
0.416000 0.187744 
0.417000 0.187013 
0.418000 0.186286 
0.419000 0.185562 
0.420000 0.184843 
0.421000 0.184127 
0.422000 0.183416 
0.423000 0.182708 
0.424000 0.182003 
0.425000 0.181303 
0.426000 0.180606 
0.427000 0.179914 
0.428000 0.179224 
0.429000 0.178539 
0.430000 0.177857 
0.431000 0.177179 
0.432000 0.176504 
0.433000 0.175833 
0.434000 0.175165 
0.435000 0.174501 
0.436000 0.173840 
0.437000 0.173183 
0.438000 0.172530 
0.439000 0.171880 
0.440000 0.171233 
0.441000 0.170590 
0.442000 0.169950 
0.443000 0.169313 
0.444000 0.168680 
0.445000 0.168050 
0.446000 0.167423 
0.447000 0.166799 
0.448000 0.166179 
0.449000 0.165562 
0.450000 0.164948 
0.451000 0.164338 
0.452000 0.163730 
0.453000 0.163126 
0.454000 0.162525 
0.455000 0.161927 
0.456000 0.161332 
0.457000 0.160740 
0.458000 0.160151 
0.459000 0.159565 
0.460000 0.158983 
0.461000 0.158403 
0.462000 0.157826 
0.463000 0.157252 
0.464000 0.156681 
0.465000 0.156113 
0.466000 0.155548 
0.467000 0.154985 
0.468000 0.154426 
0.469000 0.153869 
0.470000 0.153315 
0.471000 0.152764 
0.472000 0.152216 
0.473000 0.151671 
0.474000 0.151128 
0.475000 0.150588 
0.476000 0.150051 
0.477000 0.149517 
0.478000 0.148985 
0.479000 0.148456 
0.480000 0.147929 
0.481000 0.147405 
0.482000 0.146884 
0.483000 0.146365 
0.484000 0.145849 
0.485000 0.145336 
0.486000 0.144825 
0.487000 0.144316 
0.488000 0.143810 
0.489000 0.143307 
0.490000 0.142806 
0.491000 0.142308 
0.492000 0.141812 
0.493000 0.141318 
0.494000 0.140827 
0.495000 0.140339 
0.496000 0.139852 
0.497000 0.139368 
0.498000 0.138887 
0.499000 0.138408 
0.500000 0.137931 
0.501000 0.137457 
0.502000 0.136984 
0.503000 0.136515 
0.504000 0.136047 
0.505000 0.135582 
0.506000 0.135119 
0.507000 0.134658 
0.508000 0.134199 
0.509000 0.133743 
0.510000 0.133289 
0.511000 0.132837 
0.512000 0.132387 
0.513000 0.131940 
0.514000 0.131494 
0.515000 0.131051 
0.516000 0.130610 
0.517000 0.130171 
0.518000 0.129734 
0.519000 0.129299 
0.520000 0.128866 
0.521000 0.128435 
0.522000 0.128007 
0.523000 0.127580 
0.524000 0.127155 
0.525000 0.126733 
0.526000 0.126312 
0.527000 0.125893 
0.528000 0.125477 
0.529000 0.125062 
0.530000 0.124649 
0.531000 0.124239 
0.532000 0.123830 
0.533000 0.123423 
0.534000 0.123018 
0.535000 0.122615 
0.536000 0.122214 
0.537000 0.121814 
0.538000 0.121417 
0.539000 0.121021 
0.540000 0.120627 
0.541000 0.120235 
0.542000 0.119845 
0.543000 0.119457 
0.544000 0.119070 
0.545000 0.118686 
0.546000 0.118303 
0.547000 0.117921 
0.548000 0.117542 
0.549000 0.117164 
0.550000 0.116788 
0.551000 0.116414 
0.552000 0.116042 
0.553000 0.115671 
0.554000 0.115302 
0.555000 0.114934 
0.556000 0.114569 
0.557000 0.114204 
0.558000 0.113842 
0.559000 0.113481 
0.560000 0.113122 
0.561000 0.112765 
0.562000 0.112409 
0.563000 0.112055 
0.564000 0.111702 
0.565000 0.111351 
0.566000 0.111001 
0.567000 0.110653 
0.568000 0.110307 
0.569000 0.109962 
0.570000 0.109619 
0.571000 0.109277 
0.572000 0.108937 
0.573000 0.108599 
0.574000 0.108261 
0.575000 0.107926 
0.576000 0.107592 
0.577000 0.107259 
0.578000 0.106928 
0.579000 0.106598 
0.580000 0.106270 
0.581000 0.105943 
0.582000 0.105618 
0.583000 0.105294 
0.584000 0.104971 
0.585000 0.104650 
0.586000 0.104331 
0.587000 0.104013 
0.588000 0.103696 
0.589000 0.103380 
0.590000 0.103066 
0.591000 0.102754 
0.592000 0.102442 
0.593000 0.102132 
0.594000 0.101824 
0.595000 0.101516 
0.596000 0.101210 
0.597000 0.100906 
0.598000 0.100603 
0.599000 0.100301 
0.600000 0.100000 
0.601000 0.099701 
0.602000 0.695124 
0.603000 0.697042 
0.604000 0.698968 
0.605000 0.700901 
0.606000 0.702841 
0.607000 0.704789 
0.608000 0.706745 
0.609000 0.708708 
0.610000 0.710679 
0.611000 0.712658 
0.612000 0.714645 
0.613000 0.716639 
0.614000 0.718641 
0.615000 0.720652 
0.616000 0.722670 
0.617000 0.724696 
0.618000 0.726730 
0.619000 0.728773 
0.620000 0.730823 
0.621000 0.732882 
0.622000 0.734949 
0.623000 0.737025 
0.624000 0.739108 
0.625000 0.741201 
0.626000 0.743301 
0.627000 0.745411 
0.628000 0.747528 
0.629000 0.749655 
0.630000 0.751790 
0.631000 0.753933 
0.632000 0.756086 
0.633000 0.758247 
0.634000 0.760417 
0.635000 0.762597 
0.636000 0.764785 
0.637000 0.766982 
0.638000 0.769188 
0.639000 0.771403 
0.640000 0.773628 
0.641000 0.775862 
0.642000 0.778105 
0.643000 0.780357 
0.644000 0.782619 
0.645000 0.784890 
0.646000 0.787171 
0.647000 0.789461 
0.648000 0.791761 
0.649000 0.794071 
0.650000 0.796390 
0.651000 0.798719 
0.652000 0.801058 
0.653000 0.803407 
0.654000 0.805766 
0.655000 0.808134 
0.656000 0.810513 
0.657000 0.812902 
0.658000 0.815301 
0.659000 0.817710 
0.660000 0.820129 
0.661000 0.822559 
0.662000 0.824999 
0.663000 0.827450 
0.664000 0.829911 
0.665000 0.832383 
0.666000 0.834865 
0.667000 0.837358 
0.668000 0.839862 
0.669000 0.842376 
0.670000 0.844902 
0.671000 0.847438 
0.672000 0.849985 
0.673000 0.852543 
0.674000 0.855112 
0.675000 0.857693 
0.676000 0.860284 
0.677000 0.862887 
0.678000 0.865501 
0.679000 0.868127 
0.680000 0.870764 
0.681000 0.873412 
0.682000 0.876072 
0.683000 0.878743 
0.684000 0.881427 
0.685000 0.884122 
0.686000 0.886828 
0.687000 0.889547 
0.688000 0.892277 
0.689000 0.895020 
0.690000 0.897774 
0.691000 0.900541 
0.692000 0.903320 
0.693000 0.906111 
0.694000 0.908914 
0.695000 0.911729 
0.696000 0.914557 
0.697000 0.917398 
0.698000 0.920251 
0.699000 0.923116 
0.700000 0.925995 
0.701000 0.928885 
0.702000 0.931789 
0.703000 0.934706 
0.704000 0.937635 
0.705000 0.940578 
0.706000 0.943533 
0.707000 0.946502 
0.708000 0.949484 
0.709000 0.952479 
0.710000 0.955487 
0.711000 0.958508 
0.712000 0.961543 
0.713000 0.964592 
0.714000 0.967654 
0.715000 0.970730 
0.716000 0.973819 
0.717000 0.976922 
0.718000 0.980039 
0.719000 0.983170 
0.720000 0.986315 
0.721000 0.989474 
0.722000 0.992647 
0.723000 0.995834 
0.724000 0.999035 
0.725000 1.002251 
0.726000 1.005481 
0.727000 1.008725 
0.728000 1.011984 
0.729000 1.015257 
0.730000 1.018545 
0.731000 1.021848 
0.732000 1.025165 
0.733000 1.028497 
0.734000 1.031845 
0.735000 1.035207 
0.736000 1.038584 
0.737000 1.041976 
0.738000 1.045383 
0.739000 1.048806 
0.740000 1.052244 
0.741000 1.055697 
0.742000 1.059166 
0.743000 1.062650 
0.744000 1.066150 
0.745000 1.069666 
0.746000 1.073197 
0.747000 1.076744 
0.748000 1.080307 
0.749000 1.083886 
0.750000 1.087481 
0.751000 1.091092 
0.752000 1.094719 
0.753000 1.098362 
0.754000 1.102021 
0.755000 1.105697 
0.756000 1.109390 
0.757000 1.113099 
0.758000 1.116824 
0.759000 1.120566 
0.760000 1.124325 
0.761000 1.128100 
0.762000 1.131893 
0.763000 1.135702 
0.764000 1.139529 
0.765000 1.143372 
0.766000 1.147233 
0.767000 1.151111 
0.768000 1.155006 
0.769000 1.158918 
0.770000 1.162848 
0.771000 1.166796 
0.772000 1.170761 
0.773000 1.174743 
0.774000 1.178744 
0.775000 1.182762 
0.776000 1.186798 
0.777000 1.190852 
0.778000 1.194924 
0.779000 1.199015 
0.780000 1.203123 
0.781000 1.207250 
0.782000 1.211395 
0.783000 1.215558 
0.784000 1.219740 
0.785000 1.223940 
0.786000 1.228159 
0.787000 1.232397 
0.788000 1.236653 
0.789000 1.240929 
0.790000 1.245223 
0.791000 1.249536 
0.792000 1.253869 
0.793000 1.258220 
0.794000 1.262591 
0.795000 1.266981 
0.796000 1.271390 
0.797000 1.275819 
0.798000 1.280267 
0.799000 1.284735 
0.800000 1.289223 
0.801000 1.293730 
0.802000 1.298257 
0.803000 1.302804 
0.804000 1.307371 
0.805000 1.311958 
0.806000 1.316565 
0.807000 1.321193 
0.808000 1.325840 
0.809000 1.330508 
0.810000 1.335197 
0.811000 1.339906 
0.812000 1.344635 
0.813000 1.349386 
0.814000 1.354157 
0.815000 1.358948 
0.816000 1.363761 
0.817000 1.368595 
0.818000 1.373449 
0.819000 1.378325 
0.820000 1.383222 
0.821000 1.388140 
0.822000 1.393080 
0.823000 1.398041 
0.824000 1.403023 
0.825000 1.408027 
0.826000 1.413053 
0.827000 1.418101 
0.828000 1.423170 
0.829000 1.428261 
0.830000 1.433374 
0.831000 1.438509 
0.832000 1.443667 
0.833000 1.448846 
0.834000 1.454048 
0.835000 1.459272 
0.836000 1.464518 
0.837000 1.469787 
0.838000 1.475079 
0.839000 1.480393 
0.840000 1.485730 
0.841000 1.491090 
0.842000 1.496472 
0.843000 1.501878 
0.844000 1.507306 
0.845000 1.512758 
0.846000 1.518233 
0.847000 1.523731 
0.848000 1.529253 
0.849000 1.534798 
0.850000 1.540366 
0.851000 1.545958 
0.852000 1.551574 
0.853000 1.557213 
0.854000 1.562876 
0.855000 1.568563 
0.856000 1.574274 
0.857000 1.580009 
0.858000 1.585768 
0.859000 1.591551 
0.860000 1.597359 
0.861000 1.603191 
0.862000 1.609047 
0.863000 1.614928 
0.864000 1.620833 
0.865000 1.626763 
0.866000 1.632717 
0.867000 1.638697 
0.868000 1.644701 
0.869000 1.650730 
0.870000 1.656785 
0.871000 1.662864 
0.872000 1.668968 
0.873000 1.675098 
0.874000 1.681253 
0.875000 1.687433 
0.876000 1.693639 
0.877000 1.699871 
0.878000 1.706128 
0.879000 1.712410 
0.880000 1.718719 
0.881000 1.725053 
0.882000 1.731413 
0.883000 1.737799 
0.884000 1.744211 
0.885000 1.750650 
0.886000 1.757114 
0.887000 1.763605 
0.888000 1.770122 
0.889000 1.776666 
0.890000 1.783236 
0.891000 1.789833 
0.892000 1.796456 
0.893000 1.803106 
0.894000 1.809783 
0.895000 1.816486 
0.896000 1.823217 
0.897000 1.829974 
0.898000 1.836759 
0.899000 1.843571 
0.900000 1.850410 
0.901000 1.857276 
0.902000 1.864170 
0.903000 1.871091 
0.904000 1.878039 
0.905000 1.885015 
0.906000 1.892019 
0.907000 1.899050 
0.908000 1.906110 
0.909000 1.913197 
0.910000 1.920312 
0.911000 1.927455 
0.912000 1.934626 
0.913000 1.941825 
0.914000 1.949053 
0.915000 1.956308 
0.916000 1.963592 
0.917000 1.970905 
0.918000 1.978245 
0.919000 1.985615 
0.920000 1.993013 
0.921000 2.000439 
0.922000 2.007895 
0.923000 2.015379 
0.924000 2.022892 
0.925000 2.030434 
0.926000 2.038005 
0.927000 2.045605 
0.928000 2.053235 
0.929000 2.060893 
0.930000 2.068581 
0.931000 2.076298 
0.932000 2.084044 
0.933000 2.091820 
0.934000 2.099625 
0.935000 2.107460 
0.936000 2.115325 
0.937000 2.123219 
0.938000 2.131143 
0.939000 2.139097 
0.940000 2.147081 
0.941000 2.155095 
0.942000 2.163139 
0.943000 2.171212 
0.944000 2.179316 
0.945000 2.187451 
0.946000 2.195615 
0.947000 2.203810 
0.948000 2.212035 
0.949000 2.220291 
0.950000 2.228577 
0.951000 2.236894 
0.952000 2.245241 
0.953000 2.253619 
0.954000 2.262027 
0.955000 2.270467 
0.956000 2.278937 
0.957000 2.287438 
0.958000 2.295970 
0.959000 2.304534 
0.960000 2.313128 
0.961000 2.321753 
0.962000 2.330410 
0.963000 2.339097 
0.964000 2.347816 
0.965000 2.356567 
0.966000 2.365348 
0.967000 2.374162 
0.968000 2.383006 
0.969000 2.391882 
0.970000 2.400790 
0.971000 2.409729 
0.972000 2.418700 
0.973000 2.427703 
0.974000 2.436738 
0.975000 2.445804 
0.976000 2.454903 
0.977000 2.464033 
0.978000 2.473195 
0.979000 2.482389 
0.980000 2.491616 
0.981000 2.500874 
0.982000 2.510164 
0.983000 2.519487 
0.984000 2.528842 
0.985000 2.538230 
0.986000 2.547649 
0.987000 2.557101 
0.988000 2.566586 
0.989000 2.576103 
0.990000 2.585652 
0.991000 2.595234 
0.992000 2.604848 
0.993000 2.614496 
0.994000 2.624175 
0.995000 2.633888 
0.996000 2.643633 
0.997000 2.653411 
0.998000 2.663222 
0.999000 2.673065 
1.000000 2.682942 
1.001000 2.692851 
1.002000 2.702794 
1.003000 2.712769 
1.004000 2.722778 
1.005000 2.732819 
1.006000 2.742894 
1.007000 2.753001 
1.008000 2.763142 
1.009000 2.773316 
1.010000 2.783523 
1.011000 2.793763 
1.012000 2.804037 
1.013000 2.814344 
1.014000 2.824684 
1.015000 2.835058 
1.016000 2.845465 
1.017000 2.855905 
1.018000 2.866379 
1.019000 2.876886 
1.020000 2.887426 
1.021000 2.898000 
1.022000 2.908608 
1.023000 2.919249 
1.024000 2.929924 
1.025000 2.940632 
1.026000 2.951374 
1.027000 2.962149 
1.028000 2.972958 
1.029000 2.983801 
1.030000 2.994677 
1.031000 3.005587 
1.032000 3.016531 
1.033000 3.027508 
1.034000 3.038519 
1.035000 3.049564 
1.036000 3.060642 
1.037000 3.071754 
1.038000 3.082900 
1.039000 3.094080 
1.040000 3.105294 
1.041000 3.116541 
1.042000 3.127822 
1.043000 3.139137 
1.044000 3.150485 
1.045000 3.161868 
1.046000 3.173284 
1.047000 3.184734 
1.048000 3.196217 
1.049000 3.207735 
1.050000 3.219286 
1.051000 3.230871 
1.052000 3.242490 
1.053000 3.254143 
1.054000 3.265829 
1.055000 3.277550 
1.056000 3.289304 
1.057000 3.301092 
1.058000 3.312913 
1.059000 3.324769 
1.060000 3.336658 
1.061000 3.348581 
1.062000 3.360537 
1.063000 3.372527 
1.064000 3.384551 
1.065000 3.396609 
1.066000 3.408700 
1.067000 3.420825 
1.068000 3.432984 
1.069000 3.445176 
1.070000 3.457402 
1.071000 3.469661 
1.072000 3.481954 
1.073000 3.494281 
1.074000 3.506641 
1.075000 3.519035 
1.076000 3.531462 
1.077000 3.543922 
1.078000 3.556416 
1.079000 3.568943 
1.080000 3.581504 
1.081000 3.594098 
1.082000 3.606725 
1.083000 3.619386 
1.084000 3.632080 
1.085000 3.644807 
1.086000 3.657567 
1.087000 3.670360 
1.088000 3.683187 
1.089000 3.696046 
1.090000 3.708939 
1.091000 3.721864 
1.092000 3.734823 
1.093000 3.747814 
1.094000 3.760838 
1.095000 3.773895 
1.096000 3.786985 
1.097000 3.800108 
1.098000 3.813263 
1.099000 3.826450 
1.100000 3.839671 
1.101000 3.852924 
1.102000 3.866209 
1.103000 3.879527 
1.104000 3.892877 
1.105000 3.906259 
1.106000 3.919674 
1.107000 3.933121 
1.108000 3.946599 
1.109000 3.960110 
1.110000 3.973653 
1.111000 3.987228 
1.112000 4.000835 
1.113000 4.014474 
1.114000 4.028144 
1.115000 4.041846 
1.116000 4.055580 
1.117000 4.069345 
1.118000 4.083141 
1.119000 4.096969 
1.120000 4.110829 
1.121000 4.124719 
1.122000 4.138641 
1.123000 4.152594 
1.124000 4.166577 
1.125000 4.180592 
1.126000 4.194637 
1.127000 4.208714 
1.128000 4.222820 
1.129000 4.236958 
1.130000 4.251126 
1.131000 4.265324 
1.132000 4.279553 
1.133000 4.293812 
1.134000 4.308100 
1.135000 4.322419 
1.136000 4.336768 
1.137000 4.351147 
1.138000 4.365555 
1.139000 4.379993 
1.140000 4.394461 
1.141000 4.408958 
1.142000 4.423484 
1.143000 4.438040 
1.144000 4.452625 
1.145000 4.467238 
1.146000 4.481881 
1.147000 4.496552 
1.148000 4.511252 
1.149000 4.525980 
1.150000 4.540737 
1.151000 4.555522 
1.152000 4.570336 
1.153000 4.585177 
1.154000 4.600047 
1.155000 4.614944 
1.156000 4.629869 
1.157000 4.644821 
1.158000 4.659801 
1.159000 4.674808 
1.160000 4.689842 
1.161000 4.704904 
1.162000 4.719992 
1.163000 4.735107 
1.164000 4.750249 
1.165000 4.765417 
1.166000 4.780611 
1.167000 4.795832 
1.168000 4.811079 
1.169000 4.826351 
1.170000 4.841650 
1.171000 4.856974 
1.172000 4.872323 
1.173000 4.887698 
1.174000 4.903098 
1.175000 4.918523 
1.176000 4.933973 
1.177000 4.949447 
1.178000 4.964946 
1.179000 4.980469 
1.180000 4.996017 
1.181000 5.011588 
1.182000 5.027184 
1.183000 5.042803 
1.184000 5.058445 
1.185000 5.074111 
1.186000 5.089800 
1.187000 5.105512 
1.188000 5.121247 
1.189000 5.137004 
1.190000 5.152784 
1.191000 5.168587 
1.192000 5.184411 
1.193000 5.200257 
1.194000 5.216125 
1.195000 5.232014 
1.196000 5.247924 
1.197000 5.263856 
1.198000 5.279809 
1.199000 5.295782 
1.200000 5.311776 
1.201000 5.327790 
1.202000 5.343825 
1.203000 5.359879 
1.204000 5.375953 
1.205000 5.392046 
1.206000 5.408159 
1.207000 5.424290 
1.208000 5.440441 
1.209000 5.456610 
1.210000 5.472798 
1.211000 5.489004 
1.212000 5.505228 
1.213000 5.521469 
1.214000 5.537728 
1.215000 5.554004 
1.216000 5.570298 
1.217000 5.586608 
1.218000 5.602935 
1.219000 5.619278 
1.220000 5.635637 
1.221000 5.652013 
1.222000 5.668403 
1.223000 5.684810 
1.224000 5.701231 
1.225000 5.717667 
1.226000 5.734118 
1.227000 5.750583 
1.228000 5.767063 
1.229000 5.783556 
1.230000 5.800063 
1.231000 5.816583 
1.232000 5.833116 
1.233000 5.849662 
1.234000 5.866221 
1.235000 5.882792 
1.236000 5.899375 
1.237000 5.915970 
1.238000 5.932576 
1.239000 5.949194 
1.240000 5.965822 
1.241000 5.982461 
1.242000 5.999111 
1.243000 6.015770 
1.244000 6.032440 
1.245000 6.049118 
1.246000 6.065806 
1.247000 6.082503 
1.248000 6.099209 
1.249000 6.115923 
1.250000 6.132644 
1.251000 6.149374 
1.252000 6.166111 
1.253000 6.182855 
1.254000 6.199606 
1.255000 6.216363 
1.256000 6.233127 
1.257000 6.249896 
1.258000 6.266671 
1.259000 6.283451 
1.260000 6.300236 
1.261000 6.317025 
1.262000 6.333819 
1.263000 6.350617 
1.264000 6.367418 
1.265000 6.384223 
1.266000 6.401030 
1.267000 6.417840 
1.268000 6.434652 
1.269000 6.451466 
1.270000 6.468282 
1.271000 6.485099 
1.272000 6.501916 
1.273000 6.518735 
1.274000 6.535553 
1.275000 6.552371 
1.276000 6.569188 
1.277000 6.586005 
1.278000 6.602820 
1.279000 6.619634 
1.280000 6.636446 
1.281000 6.653255 
1.282000 6.670061 
1.283000 6.686865 
1.284000 6.703664 
1.285000 6.720460 
1.286000 6.737252 
1.287000 6.754039 
1.288000 6.770820 
1.289000 6.787597 
1.290000 6.804367 
1.291000 6.821132 
1.292000 6.837889 
1.293000 6.854640 
1.294000 6.871383 
1.295000 6.888119 
1.296000 6.904846 
1.297000 6.921565 
1.298000 6.938274 
1.299000 6.954974 
1.300000 6.971664 
1.301000 6.988344 
1.302000 7.005013 
1.303000 7.021671 
1.304000 7.038318 
1.305000 7.054952 
1.306000 7.071574 
1.307000 7.088183 
1.308000 7.104779 
1.309000 7.121361 
1.310000 7.137930 
1.311000 7.154483 
1.312000 7.171021 
1.313000 7.187544 
1.314000 7.204051 
1.315000 7.220542 
1.316000 7.237015 
1.317000 7.253472 
1.318000 7.269910 
1.319000 7.286331 
1.320000 7.302732 
1.321000 7.319115 
1.322000 7.335478 
1.323000 7.351821 
1.324000 7.368143 
1.325000 7.384444 
1.326000 7.400724 
1.327000 7.416981 
1.328000 7.433217 
1.329000 7.449429 
1.330000 7.465617 
1.331000 7.481782 
1.332000 7.497922 
1.333000 7.514038 
1.334000 7.530128 
1.335000 7.546192 
1.336000 7.562229 
1.337000 7.578240 
1.338000 7.594223 
1.339000 7.610178 
1.340000 7.626104 
1.341000 7.642002 
1.342000 7.657870 
1.343000 7.673708 
1.344000 7.689515 
1.345000 7.705292 
1.346000 7.721036 
1.347000 7.736749 
1.348000 7.752429 
1.349000 7.768075 
1.350000 7.783688 
1.351000 7.799266 
1.352000 7.814810 
1.353000 7.830318 
1.354000 7.845790 
1.355000 7.861226 
1.356000 7.876625 
1.357000 7.891986 
1.358000 7.907309 
1.359000 7.922593 
1.360000 7.937837 
1.361000 7.953042 
1.362000 7.968207 
1.363000 7.983330 
1.364000 7.998412 
1.365000 8.013451 
1.366000 8.028448 
1.367000 8.043402 
1.368000 8.058311 
1.369000 8.073176 
1.370000 8.087996 
1.371000 8.102771 
1.372000 8.117499 
1.373000 8.132180 
1.374000 8.146813 
1.375000 8.161399 
1.376000 8.175935 
1.377000 8.190423 
1.378000 8.204860 
1.379000 8.219247 
1.380000 8.233583 
1.381000 8.247867 
1.382000 8.262099 
1.383000 8.276278 
1.384000 8.290403 
1.385000 8.304473 
1.386000 8.318489 
1.387000 8.332449 
1.388000 8.346353 
1.389000 8.360201 
1.390000 8.373990 
1.391000 8.387722 
1.392000 8.401395 
1.393000 8.415009 
1.394000 8.428562 
1.395000 8.442055 
1.396000 8.455486 
1.397000 8.468856 
1.398000 8.482162 
1.399000 8.495406 
1.400000 8.508585 
1.401000 8.521700 
1.402000 8.534749 
1.403000 8.547732 
1.404000 8.560649 
1.405000 8.573498 
1.406000 8.586279 
1.407000 8.598992 
1.408000 8.611634 
1.409000 8.624207 
1.410000 8.636709 
1.411000 8.649140 
1.412000 8.661498 
1.413000 8.673783 
1.414000 8.685995 
1.415000 8.698132 
1.416000 8.710194 
1.417000 8.722181 
1.418000 8.734091 
1.419000 8.745924 
1.420000 8.757679 
1.421000 8.769355 
1.422000 8.780953 
1.423000 8.792470 
1.424000 8.803906 
1.425000 8.815261 
1.426000 8.826533 
1.427000 8.837723 
1.428000 8.848829 
1.429000 8.859850 
1.430000 8.870787 
1.431000 8.881637 
1.432000 8.892401 
1.433000 8.903077 
1.434000 8.913665 
1.435000 8.924164 
1.436000 8.934574 
1.437000 8.944893 
1.438000 8.955121 
1.439000 8.965257 
1.440000 8.975300 
1.441000 8.985250 
1.442000 8.995105 
1.443000 9.004866 
1.444000 9.014530 
1.445000 9.024098 
1.446000 9.033569 
1.447000 9.042942 
1.448000 9.052215 
1.449000 9.061389 
1.450000 9.070463 
1.451000 9.079435 
1.452000 9.088305 
1.453000 9.097072 
1.454000 9.105736 
1.455000 9.114295 
1.456000 9.122749 
1.457000 9.131097 
1.458000 9.139338 
1.459000 9.147471 
1.460000 9.155496 
1.461000 9.163411 
1.462000 9.171217 
1.463000 9.178911 
1.464000 9.186494 
1.465000 9.193964 
1.466000 9.201321 
1.467000 9.208563 
1.468000 9.215691 
1.469000 9.222703 
1.470000 9.229598 
1.471000 9.236375 
1.472000 9.243034 
1.473000 9.249574 
1.474000 9.255994 
1.475000 9.262293 
1.476000 9.268471 
1.477000 9.274525 
1.478000 9.280457 
1.479000 9.286264 
1.480000 9.291946 
1.481000 9.297502 
1.482000 9.302932 
1.483000 9.308233 
1.484000 9.313406 
1.485000 9.318450 
1.486000 9.323364 
1.487000 9.328146 
1.488000 9.332796 
1.489000 9.337314 
1.490000 9.341698 
1.491000 9.345947 
1.492000 9.350061 
1.493000 9.354039 
1.494000 9.357879 
1.495000 9.361581 
1.496000 9.365145 
1.497000 9.368568 
1.498000 9.371851 
1.499000 9.374992 
1.500000 9.377991 
1.501000 9.380846 
1.502000 9.383558 
1.503000 9.386124 
1.504000 9.388543 
1.505000 9.390816 
1.506000 9.392942 
1.507000 9.394918 
1.508000 9.396745 
1.509000 9.398421 
1.510000 9.399946 
1.511000 9.401318 
1.512000 9.402538 
1.513000 9.403603 
1.514000 9.404513 
1.515000 9.405267 
1.516000 9.405864 
1.517000 9.406304 
1.518000 9.406584 
1.519000 9.406706 
1.520000 9.406666 
1.521000 9.406465 
1.522000 9.406102 
1.523000 9.405576 
1.524000 9.404885 
1.525000 9.404029 
1.526000 9.403007 
1.527000 9.401819 
1.528000 9.400462 
1.529000 9.398936 
1.530000 9.397241 
1.531000 9.395375 
1.532000 9.393338 
1.533000 9.391128 
1.534000 9.388744 
1.535000 9.386186 
1.536000 9.383453 
1.537000 9.380543 
1.538000 9.377456 
1.539000 9.374191 
1.540000 9.370747 
1.541000 9.367123 
1.542000 9.363318 
1.543000 9.359331 
1.544000 9.355161 
1.545000 9.350808 
1.546000 9.346269 
1.547000 9.341545 
1.548000 9.336635 
1.549000 9.331537 
1.550000 9.326250 
1.551000 9.320774 
1.552000 9.315107 
1.553000 9.309249 
1.554000 9.303199 
1.555000 9.296955 
1.556000 9.290518 
1.557000 9.283885 
1.558000 9.277056 
1.559000 9.270030 
1.560000 9.262805 
1.561000 9.255382 
1.562000 9.247759 
1.563000 9.239936 
1.564000 9.231910 
1.565000 9.223681 
1.566000 9.215249 
1.567000 9.206612 
1.568000 9.197770 
1.569000 9.188721 
1.570000 9.179464 
1.571000 9.169999 
1.572000 9.160324 
1.573000 9.150439 
1.574000 9.140343 
1.575000 9.130034 
1.576000 9.119512 
1.577000 9.108776 
1.578000 9.097824 
1.579000 9.086656 
1.580000 9.075272 
1.581000 9.063669 
1.582000 9.051847 
1.583000 9.039805 
1.584000 9.027542 
1.585000 9.015057 
1.586000 9.002350 
1.587000 8.989419 
1.588000 8.976263 
1.589000 8.962881 
1.590000 8.949272 
1.591000 8.935436 
1.592000 8.921371 
1.593000 8.907077 
1.594000 8.892553 
1.595000 8.877797 
1.596000 8.862808 
1.597000 8.847586 
1.598000 8.832130 
1.599000 8.816439 
1.600000 8.800512 
1.601000 8.784347 
