0.000000  1.000000 
0.010000  0.997506 
0.020000  0.990099 
0.030000  0.977995 
0.040000  0.961538 
0.050000  0.941176 
0.060000  0.917431 
0.070000  0.890869 
0.080000  0.862069 
0.090000  0.831601 
0.100000  0.800000 
0.110000  0.767754 
0.120000  0.735294 
0.130000  0.702988 
0.140000  0.671141 
0.150000  0.640000 
0.160000  0.609756 
0.170000  0.580552 
0.180000  0.552486 
0.190000  0.525624 
0.200000  0.500000 
0.210000  0.475624 
0.220000  0.452489 
0.230000  0.430571 
0.240000  0.409836 
0.250000  0.390244 
0.260000  0.371747 
0.270000  0.354296 
0.280000  0.337838 
0.290000  0.322321 
0.300000  0.307692 
0.310000  0.293902 
0.320000  0.280899 
0.330000  0.268637 
0.340000  0.257069 
0.350000  0.246154 
0.360000  0.235849 
0.370000  0.226116 
0.380000  0.216920 
0.390000  0.208225 
0.400000  0.200000 
0.410000  0.192215 
0.420000  0.184843 
0.430000  0.177857 
0.440000  0.171233 
0.450000  0.164948 
0.460000  0.158983 
0.470000  0.153315 
0.480000  0.147929 
0.490000  0.142806 
0.500000  0.137931 
0.510000  0.133289 
0.520000  0.128866 
0.530000  0.124649 
0.540000  0.120627 
0.550000  0.116788 
0.560000  0.113122 
0.570000  0.109619 
0.580000  0.106270 
0.590000  0.103066 
0.600000  0.691309 
0.610000  0.710679 
0.620000  0.730823 
0.630000  0.751790 
0.640000  0.773628 
0.650000  0.796390 
0.660000  0.820129 
0.670000  0.844902 
0.680000  0.870764 
0.690000  0.897774 
0.700000  0.925995 
0.710000  0.955487 
0.720000  0.986315 
0.730000  1.018545 
0.740000  1.052244 
0.750000  1.087481 
0.760000  1.124325 
0.770000  1.162848 
0.780000  1.203123 
0.790000  1.245223 
0.800000  1.289223 
0.810000  1.335197 
0.820000  1.383222 
0.830000  1.433374 
0.840000  1.485730 
0.850000  1.540366 
0.860000  1.597359 
0.870000  1.656785 
0.880000  1.718719 
0.890000  1.783236 
0.900000  1.850410 
0.910000  1.920312 
0.920000  1.993013 
0.930000  2.068581 
0.940000  2.147081 
0.950000  2.228577 
0.960000  2.313128 
0.970000  2.400790 
0.980000  2.491616 
0.990000  2.585652 
1.000000  2.682942 
1.010000  2.783523 
1.020000  2.887426 
1.030000  2.994677 
1.040000  3.105294 
1.050000  3.219286 
1.060000  3.336658 
1.070000  3.457402 
1.080000  3.581504 
1.090000  3.708939 
1.100000  3.839671 
1.110000  3.973653 
1.120000  4.110829 
1.130000  4.251126 
1.140000  4.394461 
1.150000  4.540737 
1.160000  4.689842 
1.170000  4.841650 
1.180000  4.996017 
1.190000  5.152784 
1.200000  5.311776 
1.210000  5.472798 
1.220000  5.635637 
1.230000  5.800063 
1.240000  5.965822 
1.250000  6.132644 
1.260000  6.300236 
1.270000  6.468282 
1.280000  6.636446 
1.290000  6.804367 
1.300000  6.971664 
1.310000  7.137930 
1.320000  7.302732 
1.330000  7.465617 
1.340000  7.626104 
1.350000  7.783688 
1.360000  7.937837 
1.370000  8.087996 
1.380000  8.233583 
1.390000  8.373990 
1.400000  8.508585 
1.410000  8.636709 
1.420000  8.757679 
1.430000  8.870787 
1.440000  8.975300 
1.450000  9.070463 
1.460000  9.155496 
1.470000  9.229598 
1.480000  9.291946 
1.490000  9.341698 
1.500000  9.377991 
1.510000  9.399946 
1.520000  9.406666 
1.530000  9.397241 
1.540000  9.370747 
1.550000  9.326250 
1.560000  9.262805 
1.570000  9.179464 
1.580000  9.075272 
1.590000  8.949272 
